1946	2292	98
0.49841636419296265	0.3178909122943878	3.2286853790283203	0.48389118909835815	0.6880157589912415	0.7100990113974966	19	0.1748693613984734	26	0.11503162720402993	23	-0.0040590218268334866	-0.9260673522949219	-0.37733641266822815	0.010121464729309082	0.3772822618484497	-0.9260430932044983	0.9999405741691589	-0.007578026037663221	0.007841761223971844
0.5186691284179688	0.4583459496498108	2.8859989643096924	0.5077165365219116	0.6894568800926208	0.7146704825835861	26	0.19153466058336766	21	0.09379485683304627	18	-0.6749618053436279	-0.2389345020055771	0.6980952620506287	-0.7348410487174988	0.30265527963638306	-0.6069665551185608	-0.06625697016716003	-0.9226682186126709	-0.3798596262931824
0.5740776062011719	0.47277235984802246	2.8776350021362305	0.50869220495224	0.6925695538520813	0.6931994321012734	26	0.17206681554348913	21	0.13473375235523743	23	0.9976276755332947	0.03817896544933319	-0.057283706963062286	-0.06730257719755173	0.3660518229007721	-0.9281575679779053	-0.014467289671301842	0.9298109412193298	0.36775296926498413
-0.0013104714453220367	-0.11448493599891663	4.05870246887207	0.42299917340278625	0.6561732888221741	0.8091176346025646	20	0.1908823653974354	22	0.0	0	0.0	-0.8900826573371887	-0.4557992219924927	0.01223146915435791	0.45576509833335876	-0.8900160193443298	0.9999252557754517	-0.00557509483769536	0.010887020267546177
-0.0013104714453220367	0.0629214346408844	3.802243232727051	0.443080872297287	0.6558613777160645	0.9843026768462635	19	0.007914488280301526	20	0.007782834873434929	32	0.0	-0.8283271789550781	-0.5602447390556335	0.011531217955052853	0.5602073669433594	-0.8282721042633057	0.9999336004257202	-0.006460304372012615	0.009551621973514557
0.209883451461792	-0.07372952997684479	3.9703311920166016	0.4293932616710663	0.6696889400482178	0.6021129916750968	27	0.21001327706765943	20	0.18787373125724377	19	-0.015320413745939732	-0.8902015089988708	-0.45530927181243896	0.013656840659677982	0.45513397455215454	-0.8903182744979858	0.9997894167900085	-0.01985813118517399	0.005184500012546778
0.3529745638370514	0.01096576452255249	3.8063390254974365	0.44129759073257446	0.6787546277046204	0.4851458769074758	19	0.4320737013095229	27	0.08278042178300131	20	0.05407916009426117	-0.8820213675498962	-0.4680960178375244	0.00880943238735199	0.4691852331161499	-0.8830559253692627	0.9984977841377258	0.04363125562667847	0.03314324468374252
0.47683843970298767	0.21300648152828217	3.4778056144714355	0.4663986265659332	0.6868261098861694	0.829646863860241	19	0.13633701230292755	27	0.03401612383683145	23	0.07098793238401413	-0.8861588835716248	-0.4579118490219116	0.009164250455796719	0.45963001251220703	-0.8880633115768433	0.9974350929260254	0.05884534865617752	0.040749162435531616
-0.0013104714453220367	0.31574782729148865	3.4411163330078125	0.4713427722454071	0.6553640365600586	1.0	19	0.0	0	0.0	0	0.0	-0.8760250806808472	-0.48226550221443176	0.009876376017928123	0.4822419285774231	-0.875982403755188	0.9999513030052185	-0.004763036035001278	0.008651955053210258
-0.0013104714453220367	0.5376673936843872	2.9417972564697266	0.5065661072731018	0.6553639769554138	0.9990096181992967	18	0.0009903818007033658	17	0.0	0	0.0	-0.943690299987793	-0.33083027601242065	-0.014341273345053196	0.33079639077186584	-0.9435932040214539	0.9998972415924072	0.004744527395814657	-0.01353372074663639
0.5644122958183289	0.32594457268714905	3.2342166900634766	0.483847439289093	0.6923194527626038	0.7056135502440718	19	0.14887035591330564	26	0.14551609384262254	23	0.826364278793335	-0.5417740941047668	-0.15363289415836334	0.047636572271585464	0.33909258246421814	-0.9395461678504944	0.5611175894737244	0.7690888047218323	0.3060222268104553
0.5433600544929504	0.2490347921848297	3.4439706802368164	0.4694325923919678	0.6912815570831299	0.8275969494905403	19	0.10969259186423161	27	0.0627104586452281	23	0.8881384134292603	-0.4555291533470154	-0.06085522472858429	0.10871408879756927	0.33690935373306274	-0.9352397322654724	0.44653162360191345	0.8240064978599548	0.34874457120895386
0.4199807941913605	0.025297224521636963	3.807544231414795	0.4416555166244507	0.6831436157226562	0.4789389674885125	27	0.4535580160706854	19	0.06750301644080212	20	0.7880069613456726	-0.6149933934211731	0.02877965196967125	0.2472037971019745	0.2732689380645752	-0.9296314120292664	0.5638524889945984	0.7396703958511353	0.3673664629459381
0.2621546685695648	-0.08581358194351196	4.0061187744140625	0.42700374126434326	0.67308509349823	0.6212619314397172	27	0.23582107736571728	20	0.14291699119456558	19	0.5337532162666321	-0.8353761434555054	0.13135536015033722	0.2752314507961273	0.02477075532078743	-0.9610589146614075	0.7995918989181519	0.5491213798522949	0.24314327538013458
-0.0013104714453220367	-0.13551414012908936	4.10819149017334	0.4195385277271271	0.6562077403068542	0.9377074375318173	20	0.062292562468182745	22	0.0	0	-6.10383358434774e-05	-0.9920865893363953	0.1255558580160141	0.011491958051919937	-0.12552332878112793	-0.9920241236686707	0.9999340176582336	0.0013823311310261488	0.011408679187297821
-0.0013104714453220367	0.6578738689422607	2.4880528450012207	0.536812961101532	0.6562107801437378	1.0	17	0.0	0	0.0	0	3.051957537536509e-05	-0.4395429193973541	0.8982216119766235	-0.14331793785095215	-0.8887941837310791	-0.4353216588497162	0.9896767139434814	-0.12871798872947693	-0.06302151083946228
-0.0013104714453220367	0.6578738689422607	2.4880528450012207	0.5406352877616882	0.6342552304267883	1.0	17	0.0	0	0.0	0	3.051957537536509e-05	-0.4395429193973541	0.8982216119766235	-0.05856167897582054	0.8968403935432434	0.43846094608306885	-0.9982838034629822	-0.05261474847793579	-0.025713000446558
-0.0013104714453220367	0.4290943443775177	2.792419910430908	0.5128515362739563	0.6345638036727905	1.0	21	0.0	0	0.0	0	0.0	0.9039509296417236	0.4276363253593445	0.014235667884349823	0.42759308218955994	-0.9038593173027039	-0.9998986721038818	0.00608768779784441	-0.01286834292113781
0.5186691284179688	0.4583459496498108	2.8859989643096924	0.5082494616508484	0.5962369441986084	0.7146704825835861	26	0.19153466058336766	21	0.09379485683304627	18	-0.6749618053436279	-0.2389345020055771	0.6980952620506287	-0.7012975215911865	0.5017421841621399	-0.5063957571983337	-0.2292683720588684	-0.8313701748847961	-0.5062209367752075
-0.0013104714453220367	0.3803817331790924	3.031228542327881	0.4950827658176422	0.6337904334068298	1.0	21	0.0	0	0.0	0	0.0	0.9391099214553833	0.3436169922351837	0.03545617684721947	0.3434009552001953	-0.9385193586349487	-0.9993712306022644	0.012183344922959805	-0.03329724818468094
0.46617239713668823	0.3677566647529602	3.0358822345733643	0.4953460693359375	0.5996904373168945	0.5383097568053944	26	0.4478114581666196	21	0.013878785027985965	18	-0.07278823852539062	0.8844457864761353	0.4609311521053314	0.03476332873106003	0.4641261696815491	-0.8850867748260498	-0.9967414736747742	-0.048400409519672394	-0.06452920287847519
0.46684861183166504	0.1871829330921173	3.4195613861083984	0.464298814535141	0.5985760688781738	0.8775101422237802	21	0.09444114900720037	26	0.0280487087690194	22	-0.12174028158187866	0.8885300755500793	0.4423728585243225	0.04075825959444046	0.44978708028793335	-0.8922053575515747	-0.9917247891426086	-0.09058697521686554	-0.09097214043140411
-0.0013104714453220367	0.17542675137519836	3.485628128051758	0.4587760865688324	0.6328520178794861	1.0	21	0.0	0	0.0	0	0.0	0.8584098219871521	0.5129645466804504	0.02683248370885849	0.5127797722816467	-0.8581007122993469	-0.9996399283409119	0.013764113187789917	-0.023033268749713898
0.34580519795417786	-0.026549082249403	3.78749680519104	0.432754248380661	0.6061846613883972	0.7808680071625129	21	0.2191319928374871	22	0.0	0	-0.15134431421756744	0.8912803530693054	0.4274508059024811	0.06626327335834503	0.4406070113182068	-0.8952510952949524	-0.9862576127052307	-0.10716690123081207	-0.12574253976345062
-0.0013104714453220367	-0.016946941614151	3.6912689208984375	0.43817809224128723	0.6326294541358948	1.0	21	0.0	0	0.0	0	3.0519422580255195e-05	0.7479394674301147	0.6637669205665588	0.009861616417765617	0.663734495639801	-0.7479032874107361	-0.9999513626098633	0.006568639539182186	-0.007355635054409504
-0.0013104714453220367	-0.1266893446445465	3.8239402770996094	0.4253614842891693	0.6325098276138306	0.8027538695740399	21	0.19724613042596004	22	0.0	0	3.051933890674263e-05	0.9385612607002258	0.345112681388855	0.07217173278331757	0.344211220741272	-0.9361143112182617	-0.9973922967910767	0.024935949593782425	-0.06772708892822266
0.19532713294029236	-0.10712254047393799	3.954235792160034	0.41773557662963867	0.6165056228637695	0.6510416323702152	22	0.3489583676297849	21	0.0	0	-0.12460830062627792	0.9619224071502686	0.24326545000076294	0.10026998817920685	0.2561294734477997	-0.9614279270172119	-0.9871264696121216	-0.09540968388319016	-0.12836779654026031
-0.0013104714453220367	-0.12380519509315491	3.9796857833862305	0.413906067609787	0.630954384803772	1.0	22	0.0	0	0.0	0	0.0	0.9912465214729309	0.13202378153800964	0.12046729773283005	0.1310623586177826	-0.9840275645256042	-0.9927173256874084	0.01590454950928688	-0.11941280961036682
0.23008368909358978	-0.11264346539974213	3.9809582233428955	0.4159611463546753	0.6136875152587891	0.6992636293036252	22	0.30073637069637477	21	0.0	0	0.5090906023979187	0.2888336181640625	0.8108032941818237	0.5226304531097412	0.6447084546089172	-0.5578606128692627	-0.6838606595993042	0.7077521085739136	0.17726176977157593
-0.0013104714453220367	-0.1436181366443634	4.054485321044922	0.40816792845726013	0.6303239464759827	1.0	22	0.0	0	0.0	0	-3.051949170185253e-05	0.6148762106895447	0.7886236906051636	0.13516585528850555	0.7813596129417419	-0.6092678904533386	-0.9908230304718018	0.10657639056444168	-0.08313411474227905
0.5740776062011719	0.47277235984802246	2.8776350021362305	0.5094268918037415	0.5921693444252014	0.6931994321012734	26	0.17206681554348913	21	0.13473375235523743	23	0.9976276755332947	0.03817896544933319	-0.057283706963062286	-0.06856517493724823	0.4769158959388733	-0.876270592212677	-0.006135597359389067	0.8781194090843201	0.4784022271633148
0.5658731460571289	0.36795905232429504	3.0773746967315674	0.4929239749908447	0.5921693444252014	0.5293596182237319	21	0.46429081427776886	26	0.006349567498499254	23	0.7692787051200867	0.5349181890487671	0.34938913583755493	0.07840955257415771	0.463668555021286	-0.8825324177742004	-0.6340833902359009	0.7063088417053223	0.3147476315498352
0.518902063369751	0.19631528854370117	3.43210506439209	0.46392396092414856	0.5944004058837891	0.8775449478598369	21	0.09450549323225059	26	0.02794955890791252	22	0.7109465599060059	0.528838038444519	0.46355730295181274	0.15211789309978485	0.527908444404602	-0.8355673551559448	-0.6865956783294678	0.6645590662956238	0.29486897587776184
0.39752712845802307	-0.01859215833246708	3.794464111328125	0.43280208110809326	0.6020461320877075	0.7779347257947856	21	0.2220652742052144	22	0.0	0	0.7297968864440918	0.3166328966617584	0.6059209108352661	0.35080450773239136	0.5872653126716614	-0.7294214367866516	-0.5867950916290283	0.7448893189430237	0.31750813126564026
0.6538756489753723	0.5347851514816284	0.8236967921257019	0.21837297081947327	0.6778321266174316	0.8532033320480892	34	0.11035508953651006	15	0.03644157841540071	42	0.7460449934005737	-0.2405838668346405	0.6209157109260559	0.6618759036064148	0.3703150153160095	-0.6517568826675415	-0.07313222438097	0.8972091674804688	0.4355083107948303
0.8986074328422546	0.6626041531562805	0.6598050594329834	0.23601701855659485	0.6795482635498047	0.9432407824978766	34	0.056759217502123455	42	0.0	0	0.7710947394371033	0.3875616192817688	0.505182147026062	0.47996899485588074	0.1675363928079605	-0.8611395359039307	-0.4183810353279114	0.9064919352531433	-0.05683114379644394
0.7838180065155029	0.8574435710906982	0.6407758593559265	0.23575948178768158	0.6921379566192627	0.683140666786997	34	0.2875395191952593	42	0.029319814017743737	15	0.9355674386024475	0.2609395384788513	0.23795855045318604	0.22464588284492493	0.08019433170557022	-0.9711349606513977	-0.27249041199684143	0.9620186686515808	0.016408216208219528
0.792096734046936	0.8574435710906982	0.23885436356067657	0.2593509554862976	0.6926402449607849	0.7211229576244798	34	0.14220252434920475	42	0.13667451802631547	13	0.9757213592529297	0.2049652636051178	-0.07718241959810257	-0.06347210705280304	-0.07267468422651291	-0.9953340291976929	-0.20961809158325195	0.9760674834251404	-0.05790065601468086
0.9064075946807861	0.6747503280639648	0.21431103348731995	0.2598015367984772	0.6800692081451416	0.9445493242063675	34	0.027777153337734915	42	0.027673522455897583	13	0.7991408705711365	0.40413305163383484	-0.44502854347229004	-0.40880975127220154	-0.1774098426103592	-0.8952097296714783	-0.44073623418807983	0.8973305821418762	0.023438051342964172
0.7525343894958496	0.5625154972076416	0.06573648750782013	0.2736440896987915	0.6776852607727051	0.7761295707396852	34	0.16239901806992474	76	0.06147141119038996	13	0.9230206608772278	-0.07947181910276413	-0.3764534592628479	-0.38108426332473755	-0.3238820731639862	-0.8659533858299255	-0.05310763791203499	0.9427533149719238	-0.329235315322876
1.0073621273040771	0.3804687559604645	0.6278848052024841	0.23837284743785858	0.6635016798973083	1.0	34	0.0	0	0.0	0	0.8947014212608337	0.1888529360294342	0.404776394367218	0.39721760153770447	0.0780337005853653	-0.9144008159637451	-0.20427347719669342	0.9789000749588013	-0.005198844708502293
1.0298277139663696	0.3998054563999176	0.27752798795700073	0.25688040256500244	0.6640712022781372	1.0	34	0.0	0	0.0	0	0.9245913028717041	0.175090953707695	-0.33834028244018555	-0.32795774936676025	-0.0860772356390953	-0.9407627582550049	-0.19384245574474335	0.9807823300361633	-0.02216382510960102
0.8951906561851501	0.28168168663978577	0.144635871052742	0.2681674361228943	0.6590364575386047	1.0	34	0.0	0	0.0	0	0.32927125692367554	-0.14124268293380737	-0.9336117506027222	-0.943641185760498	-0.08410105109214783	-0.32010701298713684	-0.033304955810308456	0.9863965511322021	-0.16097448766231537
0.9024317264556885	0.20779821276664734	0.7521292567253113	0.227626234292984	0.655166745185852	1.0	34	0.0	0	0.0	0	0.3498351573944092	-0.019074149429798126	0.9366170763969421	0.9238144755363464	0.1729770451784134	-0.3415345549583435	-0.15549875795841217	0.9847411513328552	0.07813441753387451
1.0239564180374146	0.058460745960474014	0.6230503916740417	0.23757478594779968	0.6450350880622864	1.0	34	0.0	0	0.0	0	0.920601487159729	0.03729405254125595	0.38871875405311584	0.38633349537849426	0.058105599135160446	-0.9205271005630493	-0.056916918605566025	0.9976136684417725	0.03908415511250496
0.8825723528862	-0.2079693078994751	0.7719818949699402	0.2239455282688141	0.629911482334137	0.8999688298747569	34	0.10003117012524304	35	0.0	0	0.050845205783843994	0.1139591857790947	0.9921834468841553	0.975723922252655	0.20621941983699799	-0.07373207062482834	-0.21300993859767914	0.9718460440635681	-0.10070743411779404
1.041148066520691	-0.2079693078994751	0.6312686800956726	0.23683227598667145	0.6287478804588318	0.9088008604123446	34	0.09119913958765541	35	0.0	0	0.9002740979194641	0.1328178197145462	0.41456738114356995	0.4125692546367645	0.04354238510131836	-0.9098849892616272	-0.13890020549297333	0.9901835918426514	-0.01559646800160408
1.0322351455688477	0.06812915205955505	0.31104522943496704	0.25611746311187744	0.6457469463348389	1.0	34	0.0	0	0.0	0	0.9253774285316467	-0.03494466468691826	-0.3774328827857971	-0.3786490559577942	-0.03959605470299721	-0.9246929883956909	0.01736823283135891	0.9986045956611633	-0.04987305775284767
1.041148066520691	-0.2079693078994751	0.3556744456291199	0.2540137767791748	0.6289032101631165	0.922155631292684	34	0.07784436870731604	35	0.0	0	0.9179892539978027	0.07806830108165741	-0.3888460695743561	-0.3871605694293976	-0.03629807382822037	-0.921297550201416	-0.0860385000705719	0.9962870478630066	-0.003096274333074689
0.8825723528862	-0.2079693078994751	0.20038266479969025	0.26764601469039917	0.629640519618988	0.9251382099195731	34	0.07486179008042694	35	0.0	0	0.03698873892426491	-0.05426235496997833	-0.9978414177894592	-0.9991214275360107	-0.021668890491127968	-0.03587280213832855	-0.019675573334097862	0.9982916116714478	-0.05501618608832359
1.136088490486145	-0.6398229598999023	0.5102290511131287	0.24416907131671906	0.6024341583251953	0.9201369356447042	35	0.07986306435529583	34	0.0	0	0.9853159785270691	0.15033814311027527	0.0809372216463089	0.08329370617866516	-0.009433284401893616	-0.9964804649353027	-0.14904549717903137	0.9885896444320679	-0.021816985681653023
1.0510815382003784	-0.6398229598999023	0.7299374938011169	0.23036326467990875	0.6027252078056335	0.9298660325158696	35	0.07013396748413037	34	0.0	0	0.8231890797615051	0.2602050304412842	0.5046316981315613	0.5145677924156189	0.03372378274798393	-0.85678631067276	-0.23995818197727203	0.9649642705917358	-0.10613208264112473
1.1133462190628052	-0.6398229598999023	0.2905206084251404	0.25662457942962646	0.6026590466499329	0.9058206848560115	35	0.09417931514398843	34	0.0	0	0.8208750486373901	0.08908555656671524	-0.5641169548034668	-0.5630275011062622	-0.039333488792181015	-0.8255016207695007	-0.09572897106409073	0.9952470064163208	0.0178697407245636
1.1872801780700684	-0.9905363321304321	0.6612359881401062	0.23726968467235565	0.5823889374732971	1.0	35	0.0	0	0.0	0	0.9922388195991516	0.08502636849880219	0.09073345363140106	0.09702850878238678	-0.07308221608400345	-0.992594838142395	-0.07776573300361633	0.9936949014663696	-0.08076499402523041
1.0960299968719482	-1.135177493095398	1.0370361804962158	0.21784129738807678	0.5724969506263733	0.8472619498107113	35	0.13044006387807316	36	0.022297986311215545	37	0.7875206470489502	0.261916846036911	0.5578627586364746	0.580237627029419	-0.010057136416435242	-0.814385175704956	-0.20769068598747253	0.9650380611419678	-0.1598942130804062
1.134834885597229	-1.417404055595398	0.78215092420578	0.23261961340904236	0.5601587891578674	0.8655659977363949	35	0.11210201229299865	36	0.022331989970606484	37	0.9993619918823242	-0.011413955129683018	-0.033845122903585434	-0.0347042940557003	-0.08615358918905258	-0.9956772923469543	0.008448735810816288	0.9962164759635925	-0.08649472147226334
1.1331279277801514	-1.417404055595398	1.126000165939331	0.2166891098022461	0.5574066042900085	0.6099578603890714	36	0.22360227124496154	35	0.16643986836596703	37	0.8672842979431152	0.3355241119861603	0.36775198578834534	0.4425511062145233	-0.18136706948280334	-0.8782110214233398	-0.22796285152435303	0.9244076609611511	-0.30578336119651794
1.144289255142212	-1.14223313331604	0.39213770627975464	0.25218087434768677	0.5754299163818359	0.991346306656832	35	0.008653693343167996	36	0.0	0	0.8442301750183105	-0.1969727873802185	-0.4984748363494873	-0.501660168170929	0.03706122189760208	-0.8642705082893372	0.18871186673641205	0.979708194732666	-0.06752520799636841
0.8831679224967957	-1.078379511833191	0.19178874790668488	0.2711496353149414	0.5775736570358276	1.0	35	0.0	0	0.0	0	0.5782508850097656	-0.19044099748134613	-0.7933210134506226	-0.8018548488616943	0.04673714563250542	-0.5956882834434509	0.15052103996276855	0.9805855751037598	-0.12568022310733795
0.8831679224967957	-1.3687200546264648	0.31403547525405884	0.264278769493103	0.5594891905784607	0.9151735133362162	35	0.08482648666378376	36	0.0	0	0.5439449548721313	-0.391318142414093	-0.7422897815704346	-0.7514539957046509	0.16649310290813446	-0.6384332776069641	0.37341660261154175	0.9050690531730652	-0.20349445939064026
1.0944591760635376	-1.417404055595398	0.5167805552482605	0.2468738704919815	0.5600141286849976	0.8933527327529747	35	0.1066472672470253	36	0.0	0	0.8235723376274109	-0.2809027135372162	-0.4927700161933899	-0.4646698832511902	0.16408762335777283	-0.8701477646827698	0.32528433203697205	0.9456049799919128	0.004610991571098566
0.8831679224967957	-1.0505094528198242	1.118079423904419	0.20576950907707214	0.5784951448440552	0.8767409387275277	35	0.1098805031801987	36	0.013378558092273648	37	0.0072634415701031685	0.40467745065689087	0.9144306778907776	0.9624513983726501	0.24531878530979156	-0.11621493101119995	-0.27135661244392395	0.8809391856193542	-0.38770052790641785
0.8955289721488953	-1.3630608320236206	1.2231435775756836	0.20302091538906097	0.5597063302993774	0.6236586469014287	36	0.190874656154507	37	0.18546669694406429	35	0.019135359674692154	0.49062204360961914	0.8711623549461365	0.9925746917724609	0.0953562781214714	-0.07551641017198563	-0.1201208159327507	0.866138756275177	-0.48515433073043823
0.8831679224967957	-0.6398229598999023	0.16100092232227325	0.27165067195892334	0.6039133667945862	0.8994384000646997	35	0.10056159993530028	34	0.0	0	0.12198621034622192	0.06140511482954025	-0.9906305074691772	-0.985531210899353	-0.11081108450889587	-0.1282547116279602	-0.11764832586050034	0.9919425249099731	0.04699922725558281
0.8831679224967957	-0.6398229598999023	0.9076835513114929	0.21590688824653625	0.6037222146987915	0.9391389824213241	35	0.060861017578675874	34	0.0	0	0.013367438688874245	0.4563545882701874	0.8896976709365845	0.875393271446228	0.4246434271335602	-0.23100769519805908	-0.48322567343711853	0.7819232940673828	-0.3938133716583252
0.9045355916023254	-1.6375062465667725	1.401662826538086	0.20258642733097076	0.5418171286582947	0.8484604281675812	37	0.12488959978950315	36	0.026649972042915707	35	0.0005188241484574974	0.34596413373947144	0.9382476210594177	0.9798887968063354	-0.18740889430046082	0.06852630525827408	0.19954359531402588	0.9193428158760071	-0.339103639125824
0.9045355916023254	-1.8300732374191284	1.3477680683135986	0.2080131471157074	0.5334530472755432	0.9237191369588409	37	0.0762808630411591	36	0.0	0	0.0004577876243274659	-0.8750152587890625	0.48409515619277954	0.3698813021183014	-0.4496000409126282	-0.8130484819412231	0.9290789365768433	0.17942994832992554	0.3234459459781647
0.9842870831489563	-1.7332203388214111	1.3734161853790283	0.2077307552099228	0.5389097332954407	0.8949717831199568	37	0.10289316076376975	36	0.0021350561162734503	35	0.7283957004547119	-0.20380552113056183	0.6541430950164795	0.5769161581993103	-0.33258894085884094	-0.7460244297981262	0.36960461735725403	0.9207865595817566	-0.1246776357293129
1.000990629196167	-1.713738203048706	1.3176114559173584	0.21015100181102753	0.5405304431915283	0.8954065302014976	37	0.10459346979850233	36	0.0	0	0.08853676170110703	-0.23475517332553864	0.968014121055603	0.5753190517425537	-0.781271755695343	-0.24212069809436798	0.8131211400032043	0.5783535242080688	0.06588784605264664
0.9045355916023254	-1.8362343311309814	1.2878665924072266	0.21044711768627167	0.5329904556274414	0.9371000989450259	37	0.06289990105497408	36	0.0	0	0.028290851041674614	-0.9954594969749451	0.0908847376704216	0.0807730033993721	-0.08834516257047653	-0.9928096532821655	0.996330976486206	0.03542846068739891	0.07790689170360565
0.9045355916023254	-1.5429778099060059	1.339064359664917	0.20265398919582367	0.5475789308547974	0.7808647059775494	37	0.16699888330865126	36	0.05213641071379936	35	0.001068173092789948	0.37718716263771057	0.9261365532875061	0.9938234686851501	-0.1031780019402504	0.04085736349225044	0.11096778512001038	0.920372486114502	-0.3749676048755646
1.0273995399475098	-1.7348811626434326	1.3708248138427734	0.21348810195922852	0.5425887703895569	0.8100631700809676	37	0.16554041838654096	36	0.024396411532491388	35	-0.5445507764816284	-0.06320488452911377	0.8363430500030518	0.17029011249542236	-0.9847193956375122	0.0364566408097744	0.8212589621543884	0.16227342188358307	0.546992838382721
1.1252529621124268	-1.6581919193267822	1.3693838119506836	0.21396154165267944	0.545065701007843	0.7173192559957918	37	0.22507277000196227	36	0.057607974002245925	35	0.3217352032661438	0.3223150968551636	0.8902806043624878	0.7753075361251831	-0.6294125914573669	-0.0523272380232811	0.5434879660606384	0.7070766687393188	-0.4523974359035492
1.1247365474700928	-1.5636082887649536	1.3068718910217285	0.21308597922325134	0.5484577417373657	0.6709506162899804	37	0.2518613412997396	36	0.07718804241027999	35	0.583473265171051	0.4154934883117676	0.697799563407898	0.802404522895813	-0.4275020658969879	-0.4163998067378998	0.1252993643283844	0.8028756976127625	-0.5828298330307007
1.1772832870483398	-1.7680230140686035	1.3191096782684326	0.21603479981422424	0.5438327193260193	0.6675139747258015	37	0.27486180422247714	36	0.05762422105172135	35	0.8383315205574036	-0.3459654748439789	0.42131733894348145	0.2620227336883545	-0.42200732231140137	-0.8679019808769226	0.47806316614151	0.8379843235015869	-0.26313120126724243
1.1819002628326416	-1.750824213027954	1.2597413063049316	0.21755090355873108	0.5445341467857361	0.6301788385520728	37	0.30678024507381085	36	0.06304091637411637	35	0.9701041579246521	-0.22684694826602936	0.08624639362096786	0.02985999546945095	-0.24111899733543396	-0.9700360894203186	0.24084538221359253	0.9436113238334656	-0.22713689506053925
1.0799076557159424	-1.845901608467102	1.3230688571929932	0.21570438146591187	0.541921079158783	0.7114527712759877	37	0.247586054533817	36	0.040961174190195244	35	-0.0258801132440567	-0.871347963809967	0.48998257517814636	0.503582239151001	-0.4347752630710602	-0.7465757727622986	0.8635596632957458	0.22742506861686707	0.45004746317863464
1.0635777711868286	-1.850313425064087	1.265897274017334	0.21662737429141998	0.5407680869102478	0.6908340493185561	37	0.26886997846268773	36	0.04029597221875616	35	-0.11185322701931	-0.955925464630127	0.2714691758155823	0.4011372923851013	-0.293379545211792	-0.8677657246589661	0.9091627597808838	0.01183400209993124	0.41627275943756104
1.1704237461090088	-1.8320351839065552	1.014385461807251	0.22452636063098907	0.5425878167152405	0.47124294495935676	36	0.46542159754495316	37	0.06333545749569007	35	0.767437756061554	-0.6399892568588257	-0.038118574768304825	-0.05147499963641167	-0.0022498827893286943	-0.9986717700958252	0.639053463935852	0.7683805823326111	-0.03467009216547012
1.1244322061538696	-1.834527611732483	0.6595308184623718	0.23693299293518066	0.5430848002433777	0.5683471094296512	36	0.31537101636569514	35	0.11628187420465362	37	0.6253114938735962	-0.6624230146408081	-0.41253039240837097	-0.3760591149330139	0.20741112530231476	-0.9030837416648865	0.6837868690490723	0.7198444604873657	-0.11941366642713547
0.8831679224967957	-1.6444884538650513	0.47386059165000916	0.2538882791996002	0.5429843664169312	0.604499414825479	35	0.39550058517452097	36	0.0	0	0.15635092556476593	-0.4725930392742157	-0.8673005104064941	-0.7330501079559326	0.5329753160476685	-0.422581285238266	0.6619586944580078	0.7018457055091858	-0.2631032168865204
0.8831679224967957	-1.8417552709579468	0.6505686640739441	0.24175085127353668	0.5326582789421082	0.4930428646134463	35	0.4228455360000174	36	0.08411159938653626	37	-0.027345353737473488	-0.909965455532074	-0.41378161311149597	-0.4561862051486969	0.3796747028827667	-0.8048238754272461	0.889464259147644	0.16675324738025665	-0.42549601197242737
0.8831679224967957	-1.8606584072113037	1.0062949657440186	0.22337345778942108	0.5300341248512268	0.48546877093490437	36	0.48309423877317753	37	0.0314369902919181	35	-0.143224835395813	-0.9881079196929932	0.05594100058078766	0.0584007166326046	-0.06486398726701736	-0.9961838126182556	0.9879656434059143	-0.13941125571727753	0.06699634343385696
0.8831679224967957	-1.3687200546264648	0.31403547525405884	0.29111117124557495	0.829413652420044	0.9151735133362162	35	0.08482648666378376	36	0.0	0	0.5439449548721313	-0.391318142414093	-0.7422897815704346	-0.021822618320584297	0.87770676612854	-0.47870102524757385	0.8388370871543884	0.2765856981277466	0.46888455748558044
0.8831679224967957	-1.6525558233261108	0.2095613181591034	0.2420007288455963	0.810631275177002	0.7643378124241225	35	0.2356621875758775	36	0.0	0	1.0	0.0	0.0	0.0	0.8283606767654419	-0.5601951479911804	0.0	0.5601951479911804	0.8283606767654419
0.8831679224967957	-1.342118263244629	0.044859230518341064	0.2860032618045807	0.8125908374786377	0.9223557625050761	35	0.07764423749492386	36	0.0	0	1.0	0.0	0.0	0.0	0.9137436747550964	-0.4062911570072174	0.0	0.4062911570072174	0.9137436747550964
0.8831679224967957	-1.6444884538650513	0.47386059165000916	0.2499372661113739	0.8271487951278687	0.604499414825479	35	0.39550058517452097	36	0.0	0	0.15635092556476593	-0.4725930392742157	-0.8673005104064941	-0.018778597936034203	0.87651526927948	-0.4810076057910919	0.987523078918457	0.0914926826953888	0.12816935777664185
0.8831679224967957	-1.078379511833191	0.19178874790668488	0.328622430562973	0.829413652420044	1.0	35	0.0	0	0.0	0	0.5782508850097656	-0.19044099748134613	-0.7933210134506226	0.06233513727784157	0.9798470735549927	-0.18977373838424683	0.8134739995002747	0.0602850541472435	0.5784685611724854
0.8831679224967957	-1.0578322410583496	-0.08257919549942017	0.3245048224925995	0.8095406293869019	0.9763349082946853	35	0.023665091705314775	36	0.0	0	1.0	0.0	0.0	0.0	0.9999973177909851	-0.002313634380698204	0.0	0.002313634380698204	0.9999973177909851
0.8831679224967957	-0.6398229598999023	0.16100092232227325	0.37565624713897705	0.8183410167694092	0.8994384000646997	35	0.10056159993530028	34	0.0	0	0.12198621034622192	0.06140511482954025	-0.9906305074691772	0.02661927230656147	0.9975221753120422	0.06512363255023956	0.9921747446060181	-0.03431404381990433	0.1200493797659874
0.8521618247032166	-1.7737265825271606	1.4828848838806152	0.3950529396533966	0.8633750081062317	1.0	37	0.0	0	0.0	0	-0.9344896674156189	-0.14279808104038239	0.32609477639198303	-0.3275911808013916	-0.013566726818680763	-0.9447221159934998	0.13932855427265167	-0.9896589517593384	-0.03410142660140991
0.9045355916023254	-1.8355985879898071	1.4686601161956787	0.3954920172691345	0.8566877245903015	1.0	37	0.0	0	0.0	0	0.0	-0.9935346841812134	0.11352938413619995	-0.07076209038496017	-0.11324392259120941	-0.9910441637039185	0.9974932670593262	-0.008033576421439648	-0.07030459493398666
0.9045355916023254	-1.7878215312957764	1.5481221675872803	0.3871730864048004	0.8598034381866455	1.0	37	0.0	0	0.0	0	0.0	-0.23655641078948975	0.9716178178787231	-0.7648383378982544	-0.6259201765060425	-0.15246708691120148	0.6442222595214844	-0.7431305646896362	-0.18092741072177887
0.9045355916023254	-1.6948151588439941	1.492891550064087	0.3952307105064392	0.8718158006668091	1.0	37	0.0	0	0.0	0	0.0	0.7767550349235535	0.6298030018806458	-0.46295949816703796	0.5582093596458435	-0.6885280609130859	-0.8863794803619385	-0.2915732264518738	0.3596060872077942
0.9045355916023254	-1.8355985879898071	1.4686601161956787	0.3954920172691345	0.8566877245903015	1.0	37	0.0	0	0.0	0	0.0	-0.9935346841812134	0.11352938413619995	0.07076247036457062	-0.1132439523935318	-0.9910442233085632	0.9974932670593262	0.008033618330955505	0.07030496746301651
0.9569095373153687	-1.7737265825271606	1.4828848838806152	0.3950529396533966	0.8633750081062317	1.0	37	0.0	0	0.0	0	0.9344896674156189	-0.14279808104038239	0.32609477639198303	0.3275912404060364	-0.013566515408456326	-0.9447221159934998	0.1393284797668457	0.9896588921546936	0.03410162776708603
0.9045355916023254	-1.7878215312957764	1.5481221675872803	0.3871730864048004	0.8598034381866455	1.0	37	0.0	0	0.0	0	0.0	-0.23655641078948975	0.9716178178787231	0.764839231967926	-0.6259191632270813	-0.1524667739868164	0.6442211866378784	0.7431313991546631	0.18092761933803558
0.9045355916023254	-1.6948151588439941	1.492891550064087	0.3952307105064392	0.8718158006668091	1.0	37	0.0	0	0.0	0	0.0	0.7767550349235535	0.6298030018806458	0.4629599452018738	0.5582091808319092	-0.6885278820991516	-0.8863792419433594	0.29157355427742004	-0.35960647463798523
0.8361809849739075	-1.725534200668335	1.3558695316314697	0.4107668995857239	0.8658925294876099	1.0	37	0.0	0	0.0	0	-0.9949034452438354	-0.008545445278286934	0.10047002881765366	-0.10054300725460052	0.1595402956008911	-0.9820581078529358	-0.007636893540620804	-0.9871544241905212	-0.1595863550901413
0.9045355916023254	-1.807489275932312	1.3314735889434814	0.4103039503097534	0.8580480813980103	1.0	37	0.0	0	0.0	0	0.0	-0.977897047996521	-0.20908722281455994	0.05137967690825462	0.20880821347236633	-0.9766060709953308	0.9986791610717773	-0.010742831975221634	0.050244029611349106
0.9045355916023254	-1.6424407958984375	1.377666711807251	0.40768206119537354	0.8759263753890991	1.0	37	0.0	0	0.0	0	0.0	0.9103790521621704	0.41377538442611694	-0.2261551320552826	0.4030483365058899	-0.8867952823638916	-0.9740912914276123	-0.09357742965221405	0.20588690042495728
0.9045355916023254	-1.807489275932312	1.3314735889434814	0.4103039503097534	0.8580480813980103	1.0	37	0.0	0	0.0	0	0.0	-0.977897047996521	-0.20908722281455994	-0.05138050764799118	0.20880816876888275	-0.9766058921813965	0.9986791014671326	0.010743007995188236	-0.05024484917521477
0.9728902578353882	-1.725534200668335	1.3558695316314697	0.4107668995857239	0.8658925294876099	1.0	37	0.0	0	0.0	0	0.9949034452438354	-0.008545445278286934	0.10047002881765366	0.10054302960634232	0.1595403254032135	-0.982058048248291	-0.007636896334588528	0.987154483795166	0.15958639979362488
0.9045355916023254	-1.6424407958984375	1.377666711807251	0.40768206119537354	0.8759263753890991	1.0	37	0.0	0	0.0	0	0.0	0.9103790521621704	0.41377538442611694	0.22615529596805573	0.40304839611053467	-0.8867953419685364	-0.9740912914276123	0.09357748180627823	-0.20588701963424683
1.1633458137512207	-1.7576227188110352	1.3057975769042969	0.4107668995857239	0.8658925294876099	0.7679634675498653	37	0.2320365324501347	36	0.0	0	0.9195204377174377	-0.10700118541717529	-0.37819698452949524	-0.3597610890865326	0.1583726555109024	-0.9195053577423096	0.1582842320203781	0.9815645217895508	0.10713203251361847
1.1391924619674683	-1.7169939279556274	1.4582829475402832	0.3952307105064392	0.8718158006668091	0.7627190274540293	37	0.2372809725459707	36	0.0	0	0.31572040915489197	0.7461317181587219	0.5861809253692627	0.3682648837566376	0.47297170758247375	-0.8004240393638611	-0.8744688630104065	0.4685801565647125	-0.12544730305671692
1.172914981842041	-1.8051279783248901	1.4338843822479248	0.3950529396533966	0.8633750081062317	0.7639374129085456	37	0.23606258709145445	36	0.0	0	0.9447874426841736	-0.3218265175819397	0.061679597944021225	0.04998447373509407	-0.0444796122610569	-0.9977590441703796	0.32384881377220154	0.9457532167434692	-0.025937451049685478
1.11830735206604	-1.6623824834823608	1.3465490341186523	0.40768206119537354	0.8759263753890991	0.7630941069835957	37	0.23690589301640433	36	0.0	0	0.15653210878372192	0.9871379733085632	-0.03250276669859886	-0.23944011330604553	0.006005022209137678	-0.9708925485610962	-0.9582096934318542	0.1597583293914795	0.23730041086673737
1.0794416666030884	-1.8232676982879639	1.3068525791168213	0.4103039503097534	0.8580480813980103	0.7654092425009945	37	0.23459075749900543	36	0.0	0	-0.32368966937065125	-0.8489911556243896	-0.417659193277359	-0.292894184589386	0.5096296668052673	-0.8090060353279114	0.8996903300285339	-0.13953691720962524	-0.41362640261650085
1.109920859336853	-1.8546419143676758	1.4389443397521973	0.3954920172691345	0.8566877245903015	0.7633444745709905	37	0.2366555254290095	36	0.0	0	-0.14917607605457306	-0.9797462224960327	0.13358095288276672	-0.20146964490413666	-0.10214090347290039	-0.9741546511650085	0.9680684208869934	-0.17223307490348816	-0.1821521520614624
1.0348811149597168	-1.7292171716690063	1.3501224517822266	0.4107668995857239	0.8658925294876099	0.7559331647758664	37	0.24406683522413364	36	0.0	0	-0.9582952857017517	0.2854437828063965	0.013855606317520142	0.011273102834820747	0.08620456606149673	-0.9962136745452881	-0.2855573892593384	-0.9545106887817383	-0.08582726120948792
1.0744842290878296	-1.7833634614944458	1.4678468704223633	0.3950529396533966	0.8633750081062317	0.7618121262178532	37	0.23818787378214681	36	0.0	0	-0.8143678307533264	0.022278837859630585	0.5799212455749512	-0.5767932534217834	0.07936073839664459	-0.8130261301994324	-0.06413625180721283	-0.9965969920158386	-0.05177855119109154
1.1391924619674683	-1.7169939279556274	1.4582829475402832	0.3952307105064392	0.8718158006668091	0.7627190274540293	37	0.2372809725459707	36	0.0	0	0.31572040915489197	0.7461317181587219	0.5861809253692627	-0.5176417231559753	0.6531732082366943	-0.5526408553123474	-0.7952204942703247	-0.12895169854164124	0.5924490094184875
1.11830735206604	-1.6623824834823608	1.3465490341186523	0.40768206119537354	0.8759263753890991	0.7630941069835957	37	0.23690589301640433	36	0.0	0	0.15653210878372192	0.9871379733085632	-0.03250276669859886	-0.06216077506542206	-0.0229930616915226	-0.9978013038635254	-0.9857147932052612	0.15820832550525665	0.05776210129261017
1.0794416666030884	-1.8232676982879639	1.3068525791168213	0.4103039503097534	0.8580480813980103	0.7654092425009945	37	0.23459075749900543	36	0.0	0	-0.32368966937065125	-0.8489911556243896	-0.417659193277359	0.23955413699150085	0.35348233580589294	-0.9042478799819946	0.9153334498405457	-0.3927476704120636	0.08896073698997498
1.109920859336853	-1.8546419143676758	1.4389443397521973	0.3954920172691345	0.8566877245903015	0.7633444745709905	37	0.2366555254290095	36	0.0	0	-0.14917607605457306	-0.9797462224960327	0.13358095288276672	-0.34298473596572876	-0.07543335109949112	-0.9363072514533997	0.9274199604988098	-0.18549087643623352	-0.32478514313697815
1.1380740404129028	-1.8098808526992798	1.5137004852294922	0.3871730864048004	0.8598034381866455	0.7629047594568734	37	0.2370952405431266	36	0.0	0	0.22694161534309387	-0.2592310309410095	0.9387741088867188	0.5812962055206299	-0.7373124957084656	-0.34418758749961853	0.7813939452171326	0.623816192150116	-0.016636881977319717
1.1380740404129028	-1.8098808526992798	1.5137004852294922	0.3871730864048004	0.8598034381866455	0.7629047594568734	37	0.2370952405431266	36	0.0	0	0.22694161534309387	-0.2592310309410095	0.9387741088867188	-0.8777533769607544	-0.472084641456604	0.08176210522651672	0.42198559641838074	-0.8425674438476562	-0.334676593542099
0.640868067741394	-1.8051279783248901	1.433884859085083	0.3950529396533966	0.8633750081062317	0.7528276355847339	37	0.24717236441526613	36	0.0	0	-0.9447874426841736	-0.3218265175819397	0.061679597944021225	-0.04998407140374184	-0.044480785727500916	-0.9977590441703796	0.3238488733768463	-0.9457532167434692	0.02593868598341942
0.7038621306419373	-1.8546419143676758	1.4389443397521973	0.3954920172691345	0.8566877245903015	0.7520377229505948	37	0.24796227704940524	36	0.0	0	0.14917607605457306	-0.9797462224960327	0.13358095288276672	0.20147085189819336	-0.10214071720838547	-0.9741544723510742	0.9680681228637695	0.1722331941127777	0.18215332925319672
0.6757087707519531	-1.8098808526992798	1.5137004852294922	0.3871730864048004	0.8598034381866455	0.7514519560858073	37	0.24854804391419272	36	0.0	0	-0.22694161534309387	-0.2592310309410095	0.9387741088867188	-0.5812937617301941	-0.7373143434524536	-0.3441876173019409	0.7813957929611206	-0.623814046382904	0.016637928783893585
0.674590528011322	-1.7169939279556274	1.4582829475402832	0.3952307105064392	0.8718158006668091	0.751204503836172	37	0.24879549616382807	36	0.0	0	-0.31572040915489197	0.7461317181587219	0.5861809253692627	-0.3682648241519928	0.4729717969894409	-0.8004240393638611	-0.8744689226150513	-0.46858006715774536	0.12544724345207214
0.7038621306419373	-1.8546419143676758	1.4389443397521973	0.3954920172691345	0.8566877245903015	0.7520377229505948	37	0.24796227704940524	36	0.0	0	0.14917607605457306	-0.9797462224960327	0.13358095288276672	0.342984676361084	-0.07543335855007172	-0.9363073706626892	0.9274199604988098	0.18549086153507233	0.3247850835323334
0.7392987608909607	-1.7833634614944458	1.4678468704223633	0.3950529396533966	0.8633750081062317	0.7499963233518837	37	0.2500036766481163	36	0.0	0	0.8143678307533264	0.022278837859630585	0.5799212455749512	0.5767932534217834	0.0793609470129013	-0.8130261898040771	-0.06413637846708298	0.9965969920158386	0.05177871882915497
0.6757087707519531	-1.8098808526992798	1.5137004852294922	0.3871730864048004	0.8598034381866455	0.7514519560858073	37	0.24854804391419272	36	0.0	0	-0.22694161534309387	-0.2592310309410095	0.9387741088867188	0.8777542114257812	-0.47208312153816223	0.08176260441541672	0.4219840168952942	0.8425682783126831	0.33467644453048706
